"K" "lambda" "c" "fitness"
"1" 950 1.5 -2 0.836429646813316
"2" 950 1.5 -2 0.836429646813316
"3" 950 1.5 -2 0.836429646813316
"4" 950 1.5 -2 0.836429646813316
"5" 950 1.5 -2 0.836429646813316
"6" 950 1.5 -2 0.836429646813316
"7" 950 1.5 -2 0.836429646813316
"8" 950 1.5 -2 0.836429646813316
"9" 950 1.5 -2 0.836429646813316
"10" 950 1.5 -2 0.836429646813316
"11" 950 1.5 -2 0.836429646813316
"12" 950 1.5 -2 0.836429646813316
"13" 950 1.5 -2 0.836429646813316
"14" 950 1.5 -2 0.836429646813316
"15" 950 1.5 -2 0.836429646813316
"16" 950 1.5 -2 0.836429646813316
"17" 950 1.5 -2 0.836429646813316
"18" 950 1.5 -2 0.836429646813316
"19" 950 1.5 -2 0.836429646813316
"20" 950 1.5 -2 0.836429646813316
"21" 950 1.5 -2 0.836429646813316
"22" 950 1.5 -2 0.836429646813316
"23" 950 1.5 -2 0.836429646813316
"24" 950 1.5 -2 0.836429646813316
"25" 950 1.5 -2 0.836429646813316
"26" 950 1.5 -2 0.836429646813316
"27" 950 1.5 -2 0.836429646813316
"28" 950 1.5 -2 0.836429646813316
"29" 950 1.5 -2 0.836429646813316
"30" 950 1.5 -2 0.836429646813316
"31" 950 1.5 -2 0.836429646813316
"32" 950 1.5 -2 0.836429646813316
"33" 950 1.5 -2 0.836429646813316
"34" 950 1.5 -2 0.836429646813316
"35" 950 1.5 -2 0.836429646813316
"36" 950 1.5 -2 0.836429646813316
"37" 950 1.5 -2 0.836429646813316
"38" 950 1.5 -2 0.836429646813316
"39" 950 1.5 -2 0.836429646813316
"40" 950 1.5 -2 0.836429646813316
"41" 950 1.5 -2 0.836429646813316
"42" 950 1.5 -2 0.836429646813316
"43" 950 1.5 -2 0.836429646813316
"44" 950 1.5 -2 0.836429646813316
"45" 950 1.5 -2 0.836429646813316
"46" 950 1.5 -2 0.836429646813316
"47" 950 1.5 -2 0.836429646813316
"48" 950 1.5 -2 0.836429646813316
"49" 950 1.5 -2 0.836429646813316
"50" 950 1.5 -2 0.836429646813316
"51" 950 1.5 -2 0.836429646813316
"52" 950 1.5 -2 0.836429646813316
"53" 950 1.5 -2 0.836429646813316
"54" 950 1.5 -2 0.836429646813316
"55" 950 1.5 -2 0.836429646813316
"56" 950 1.5 -2 0.836429646813316
"57" 950 1.5 -2 0.836429646813316
"58" 950 1.5 -2 0.836429646813316
"59" 950 1.5 -2 0.836429646813316
"60" 950 1.5 -2 0.836429646813316
"61" 950 1.5 -2 0.836429646813316
"62" 950 1.5 -2 0.836429646813316
"63" 950 1.5 -2 0.836429646813316
"64" 950 1.5 -2 0.836429646813316
"65" 950 1.5 -2 0.836429646813316
"66" 950 1.5 -2 0.836429646813316
"67" 950 1.5 -2 0.836429646813316
"68" 950 1.5 -2 0.836429646813316
"69" 950 1.5 -2 0.836429646813316
"70" 950 1.5 -2 0.836429646813316
"71" 950 1.5 -2 0.836429646813316
"72" 950 1.5 -2 0.836429646813316
"73" 950 1.5 -2 0.836429646813316
"74" 950 1.5 -2 0.836429646813316
"75" 950 1.5 -2 0.836429646813316
"76" 950 1.5 -2 0.836429646813316
"77" 950 1.5 -2 0.836429646813316
"78" 950 1.5 -2 0.836429646813316
"79" 950 1.5 -2 0.836429646813316
"80" 950 1.5 -2 0.836429646813316
"81" 950 1.5 -2 0.836429646813316
"82" 950 1.5 -2 0.836429646813316
"83" 950 1.5 -2 0.836429646813316
"84" 950 1.5 -2 0.836429646813316
"85" 950 1.5 -2 0.836429646813316
"86" 950 1.5 -2 0.836429646813316
"87" 950 1.5 -2 0.836429646813316
"88" 950 1.5 -2 0.836429646813316
"89" 950 1.5 -2 0.836429646813316
"90" 950 1.5 -2 0.836429646813316
"91" 950 1.5 -2 0.836429646813316
"92" 950 1.5 -2 0.836429646813316
"93" 950 1.5 -2 0.836429646813316
"94" 950 1.5 -2 0.836429646813316
"95" 950 1.5 -2 0.836429646813316
"96" 950 1.5 -2 0.836429646813316
"97" 950 1.5 -2 0.836429646813316
"98" 950 1.5 -2 0.836429646813316
"99" 950 1.5 -2 0.836429646813316
"100" 950 1.5 -2 0.836429646813316
"101" 950 1.5 -2 0.836429646813316
"102" 950 1.5 -2 0.836429646813316
"103" 950 1.5 -2 0.836429646813316
"104" 950 1.5 -2 0.836429646813316
"105" 950 1.5 -2 0.836429646813316
"106" 950 1.5 -2 0.836429646813316
"107" 950 1.5 -2 0.836429646813316
"108" 950 1.5 -2 0.836429646813316
"109" 950 1.5 -2 0.836429646813316
"110" 950 1.5 -2 0.836429646813316
"111" 950 1.5 -2 0.836429646813316
"112" 950 1.5 -2 0.836429646813316
"113" 950 1.5 -2 0.836429646813316
"114" 950 1.5 -2 0.836429646813316
"115" 950 1.5 -2 0.836429646813316
"116" 950 1.5 -2 0.836429646813316
"117" 950 1.5 -2 0.836429646813316
"118" 950 1.5 -2 0.836429646813316
"119" 950 1.5 -2 0.836429646813316
"120" 950 1.5 -2 0.836429646813316
"121" 950 1.5 -2 0.836429646813316
"122" 950 1.5 -2 0.836429646813316
"123" 950 1.5 -2 0.836429646813316
"124" 950 1.5 -2 0.836429646813316
"125" 950 1.5 -2 0.836429646813316
"126" 950 1.5 -2 0.836429646813316
"127" 950 1.5 -2 0.836429646813316
"128" 950 1.5 -2 0.836429646813316
"129" 950 1.5 -2 0.836429646813316
"130" 950 1.5 -2 0.836429646813316
"131" 950 1.5 -2 0.836429646813316
"132" 950 1.5 -2 0.836429646813316
"133" 950 1.5 -2 0.836429646813316
"134" 950 1.5 -2 0.836429646813316
"135" 950 1.5 -2 0.836429646813316
"136" 950 1.5 -2 0.836429646813316
"137" 950 1.5 -2 0.836429646813316
"138" 950 1.5 -2 0.836429646813316
"139" 950 1.5 -2 0.836429646813316
"140" 950 1.5 -2 0.836429646813316
"141" 950 1.5 -2 0.836429646813316
"142" 950 1.5 -2 0.836429646813316
"143" 950 1.5 -2 0.836429646813316
"144" 950 1.5 -2 0.836429646813316
"145" 950 1.5 -2 0.836429646813316
"146" 950 1.5 -2 0.836429646813316
"147" 950 1.5 -2 0.836429646813316
"148" 950 1.5 -2 0.836429646813316
"149" 950 1.5 -2 0.836429646813316
"150" 950 1.5 -2 0.836429646813316
"151" 950 1.5 -2 0.836429646813316
"152" 950 1.5 -2 0.836429646813316
"153" 950 1.5 -2 0.836429646813316
"154" 950 1.5 -2 0.836429646813316
"155" 950 1.5 -2 0.836429646813316
"156" 950 1.5 -2 0.836429646813316
"157" 950 1.5 -2 0.836429646813316
"158" 950 1.5 -2 0.836429646813316
"159" 950 1.5 -2 0.836429646813316
"160" 950 1.5 -2 0.836429646813316
"161" 950 1.5 -2 0.836429646813316
"162" 950 1.5 -2 0.836429646813316
"163" 950 1.5 -2 0.836429646813316
"164" 950 1.5 -2 0.836429646813316
"165" 950 1.5 -2 0.836429646813316
"166" 950 1.5 -2 0.836429646813316
"167" 950 1.5 -2 0.836429646813316
"168" 950 1.5 -2 0.836429646813316
"169" 950 1.5 -2 0.836429646813316
"170" 950 1.5 -2 0.836429646813316
"171" 950 1.5 -2 0.836429646813316
"172" 950 1.5 -2 0.836429646813316
"173" 950 1.5 -2 0.836429646813316
"174" 950 1.5 -2 0.836429646813316
"175" 950 1.5 -2 0.836429646813316
"176" 950 1.5 -2 0.836429646813316
"177" 950 1.5 -2 0.836429646813316
"178" 950 1.5 -2 0.836429646813316
"179" 950 1.5 -2 0.836429646813316
"180" 950 1.5 -2 0.836429646813316
"181" 950 1.5 -2 0.836429646813316
"182" 950 1.5 -2 0.836429646813316
"183" 950 1.5 -2 0.836429646813316
"184" 950 1.5 -2 0.836429646813316
"185" 950 1.5 -2 0.836429646813316
"186" 950 1.5 -2 0.836429646813316
"187" 950 1.5 -2 0.836429646813316
"188" 950 1.5 -2 0.836429646813316
"189" 950 1.5 -2 0.836429646813316
"190" 950 1.5 -2 0.836429646813316
"191" 950 1.5 -2 0.836429646813316
"192" 950 1.5 -2 0.836429646813316
"193" 950 1.5 -2 0.836429646813316
"194" 950 1.5 -2 0.836429646813316
"195" 950 1.5 -2 0.836429646813316
"196" 950 1.5 -2 0.836429646813316
"197" 950 1.5 -2 0.836429646813316
"198" 950 1.5 -2 0.836429646813316
"199" 950 1.5 -2 0.836429646813316
"200" 950 1.5 -2 0.836429646813316
"201" 950 1.5 -2 0.836429646813316
"202" 950 1.5 -2 0.836429646813316
"203" 950 1.5 -2 0.836429646813316
"204" 950 1.5 -2 0.836429646813316
"205" 950 1.5 -2 0.836429646813316
"206" 950 1.5 -2 0.836429646813316
"207" 950 1.5 -2 0.836429646813316
"208" 950 1.5 -2 0.836429646813316
"209" 950 1.5 -2 0.836429646813316
"210" 950 1.5 -2 0.836429646813316
"211" 950 1.5 -2 0.836429646813316
"212" 950 1.5 -2 0.836429646813316
"213" 950 1.5 -2 0.836429646813316
"214" 950 1.5 -2 0.836429646813316
"215" 950 1.5 -2 0.836429646813316
"216" 950 1.5 -2 0.836429646813316
"217" 950 1.5 -2 0.836429646813316
"218" 950 1.5 -2 0.836429646813316
"219" 950 1.5 -2 0.836429646813316
"220" 950 1.5 -2 0.836429646813316
"221" 950 1.5 -2 0.836429646813316
"222" 950 1.5 -2 0.836429646813316
"223" 950 1.5 -2 0.836429646813316
"224" 950 1.5 -2 0.836429646813316
"225" 950 1.5 -2 0.836429646813316
"226" 950 1.5 -2 0.836429646813316
"227" 950 1.5 -2 0.836429646813316
"228" 950 1.5 -2 0.836429646813316
"229" 950 1.5 -2 0.836429646813316
"230" 950 1.5 -2 0.836429646813316
"231" 950 1.5 -2 0.836429646813316
"232" 950 1.5 -2 0.836429646813316
"233" 950 1.5 -2 0.836429646813316
"234" 950 1.5 -2 0.836429646813316
"235" 950 1.5 -2 0.836429646813316
"236" 950 1.5 -2 0.836429646813316
"237" 950 1.5 -2 0.836429646813316
"238" 950 1.5 -2 0.836429646813316
"239" 950 1.5 -2 0.836429646813316
"240" 950 1.5 -2 0.836429646813316
"241" 950 1.5 -2 0.836429646813316
"242" 950 1.5 -2 0.836429646813316
"243" 950 1.5 -2 0.836429646813316
"244" 950 1.5 -2 0.836429646813316
"245" 950 1.5 -2 0.836429646813316
"246" 950 1.5 -2 0.836429646813316
"247" 950 1.5 -2 0.836429646813316
"248" 950 1.5 -2 0.836429646813316
"249" 950 1.5 -2 0.836429646813316
"250" 950 1.5 -2 0.836429646813316
"251" 950 1.5 -2 0.836429646813316
"252" 950 1.5 -2 0.836429646813316
"253" 950 1.5 -2 0.836429646813316
"254" 950 1.5 -2 0.836429646813316
"255" 950 1.5 -2 0.836429646813316
"256" 950 1.5 -2 0.836429646813316
"257" 950 1.5 -2 0.836429646813316
"258" 950 1.5 -2 0.836429646813316
"259" 950 1.5 -2 0.836429646813316
"260" 950 1.5 -2 0.836429646813316
"261" 950 1.5 -2 0.836429646813316
"262" 950 1.5 -2 0.836429646813316
"263" 950 1.5 -2 0.836429646813316
"264" 950 1.5 -2 0.836429646813316
"265" 950 1.5 -2 0.836429646813316
"266" 950 1.5 -2 0.836429646813316
"267" 950 1.5 -2 0.836429646813316
"268" 950 1.5 -2 0.836429646813316
"269" 950 1.5 -2 0.836429646813316
"270" 950 1.5 -2 0.836429646813316
"271" 950 1.5 -2 0.836429646813316
"272" 950 1.5 -2 0.836429646813316
"273" 950 1.5 -2 0.836429646813316
"274" 950 1.5 -2 0.836429646813316
"275" 950 1.5 -2 0.836429646813316
"276" 950 1.5 -2 0.836429646813316
"277" 950 1.5 -2 0.836429646813316
"278" 950 1.5 -2 0.836429646813316
"279" 950 1.5 -2 0.836429646813316
"280" 950 1.5 -2 0.836429646813316
"281" 950 1.5 -2 0.836429646813316
"282" 950 1.5 -2 0.836429646813316
"283" 950 1.5 -2 0.836429646813316
"284" 950 1.5 -2 0.836429646813316
"285" 950 1.5 -2 0.836429646813316
"286" 950 1.5 -2 0.836429646813316
"287" 950 1.5 -2 0.836429646813316
"288" 950 1.5 -2 0.836429646813316
"289" 950 1.5 -2 0.836429646813316
"290" 950 1.5 -2 0.836429646813316
"291" 950 1.5 -2 0.836429646813316
"292" 950 1.5 -2 0.836429646813316
"293" 950 1.5 -2 0.836429646813316
"294" 950 1.5 -2 0.836429646813316
"295" 950 1.5 -2 0.836429646813316
"296" 950 1.5 -2 0.836429646813316
"297" 950 1.5 -2 0.836429646813316
"298" 950 1.5 -2 0.836429646813316
"299" 950 1.5 -2 0.836429646813316
"300" 950 1.5 -2 0.836429646813316
"301" 950 1.5 -2 0.836429646813316
"302" 950 1.5 -2 0.836429646813316
"303" 950 1.5 -2 0.836429646813316
"304" 950 1.5 -2 0.836429646813316
"305" 950 1.5 -2 0.836429646813316
"306" 950 1.5 -2 0.836429646813316
"307" 950 1.5 -2 0.836429646813316
"308" 950 1.5 -2 0.836429646813316
"309" 950 1.5 -2 0.836429646813316
"310" 950 1.5 -2 0.836429646813316
"311" 950 1.5 -2 0.836429646813316
"312" 950 1.5 -2 0.836429646813316
"313" 950 1.5 -2 0.836429646813316
"314" 950 1.5 -2 0.836429646813316
"315" 950 1.5 -2 0.836429646813316
"316" 950 1.5 -2 0.836429646813316
"317" 950 1.5 -2 0.836429646813316
"318" 950 1.5 -2 0.836429646813316
"319" 950 1.5 -2 0.836429646813316
"320" 950 1.5 -2 0.836429646813316
"321" 950 1.5 -2 0.836429646813316
"322" 950 1.5 -2 0.836429646813316
"323" 950 1.5 -2 0.836429646813316
"324" 950 1.5 -2 0.836429646813316
"325" 950 1.5 -2 0.836429646813316
"326" 950 1.5 -2 0.836429646813316
"327" 950 1.5 -2 0.836429646813316
"328" 950 1.5 -2 0.836429646813316
"329" 950 1.5 -2 0.836429646813316
"330" 950 1.5 -2 0.836429646813316
"331" 950 1.5 -2 0.836429646813316
"332" 950 1.5 -2 0.836429646813316
"333" 950 1.5 -2 0.836429646813316
"334" 950 1.5 -2 0.836429646813316
"335" 950 1.5 -2 0.836429646813316
"336" 950 1.5 -2 0.836429646813316
"337" 950 1.5 -2 0.836429646813316
"338" 950 1.5 -2 0.836429646813316
"339" 950 1.5 -2 0.836429646813316
"340" 950 1.5 -2 0.836429646813316
"341" 950 1.5 -2 0.836429646813316
"342" 950 1.5 -2 0.836429646813316
"343" 950 1.5 -2 0.836429646813316
"344" 950 1.5 -2 0.836429646813316
"345" 950 1.5 -2 0.836429646813316
"346" 950 1.5 -2 0.836429646813316
"347" 950 1.5 -2 0.836429646813316
"348" 950 1.5 -2 0.836429646813316
"349" 950 1.5 -2 0.836429646813316
"350" 950 1.5 -2 0.836429646813316
"351" 950 1.5 -2 0.836429646813316
"352" 950 1.5 -2 0.836429646813316
"353" 950 1.5 -2 0.836429646813316
"354" 950 1.5 -2 0.836429646813316
"355" 950 1.5 -2 0.836429646813316
"356" 950 1.5 -2 0.836429646813316
"357" 950 1.5 -2 0.836429646813316
"358" 950 1.5 -2 0.836429646813316
"359" 950 1.5 -2 0.836429646813316
"360" 950 1.5 -2 0.836429646813316
"361" 950 1.5 -2 0.836429646813316
"362" 950 1.5 -2 0.836429646813316
"363" 950 1.5 -2 0.836429646813316
"364" 950 1.5 -2 0.836429646813316
"365" 950 1.5 -2 0.836429646813316
"366" 950 1.5 -2 0.836429646813316
"367" 950 1.5 -2 0.836429646813316
"368" 950 1.5 -2 0.836429646813316
"369" 950 1.5 -2 0.836429646813316
"370" 950 1.5 -2 0.836429646813316
"371" 950 1.5 -2 0.836429646813316
"372" 950 1.5 -2 0.836429646813316
"373" 950 1.5 -2 0.836429646813316
"374" 950 1.5 -2 0.836429646813316
"375" 950 1.5 -2 0.836429646813316
"376" 950 1.5 -2 0.836429646813316
"377" 950 1.5 -2 0.836429646813316
"378" 950 1.5 -2 0.836429646813316
"379" 950 1.5 -2 0.836429646813316
"380" 950 1.5 -2 0.836429646813316
"381" 950 1.5 -2 0.836429646813316
"382" 950 1.5 -2 0.836429646813316
"383" 950 1.5 -2 0.836429646813316
"384" 950 1.5 -2 0.836429646813316
"385" 950 1.5 -2 0.836429646813316
"386" 950 1.5 -2 0.836429646813316
"387" 950 1.5 -2 0.836429646813316
"388" 950 1.5 -2 0.836429646813316
"389" 950 1.5 -2 0.836429646813316
"390" 950 1.5 -2 0.836429646813316
"391" 950 1.5 -2 0.836429646813316
"392" 950 1.5 -2 0.836429646813316
"393" 950 1.5 -2 0.836429646813316
"394" 950 1.5 -2 0.836429646813316
"395" 950 1.5 -2 0.836429646813316
"396" 950 1.5 -2 0.836429646813316
"397" 950 1.5 -2 0.836429646813316
"398" 950 1.5 -2 0.836429646813316
"399" 950 1.5 -2 0.836429646813316
"400" 950 1.5 -2 0.836429646813316
"401" 950 1.5 -2 0.836429646813316
"402" 950 1.5 -2 0.836429646813316
"403" 950 1.5 -2 0.836429646813316
"404" 950 1.5 -2 0.836429646813316
"405" 950 1.5 -2 0.836429646813316
"406" 950 1.5 -2 0.836429646813316
"407" 950 1.5 -2 0.836429646813316
"408" 950 1.5 -2 0.836429646813316
"409" 950 1.5 -2 0.836429646813316
"410" 950 1.5 -2 0.836429646813316
"411" 950 1.5 -2 0.836429646813316
"412" 950 1.5 -2 0.836429646813316
"413" 950 1.5 -2 0.836429646813316
"414" 950 1.5 -2 0.836429646813316
"415" 950 1.5 -2 0.836429646813316
"416" 950 1.5 -2 0.836429646813316
"417" 950 1.5 -2 0.836429646813316
"418" 950 1.5 -2 0.836429646813316
"419" 950 1.5 -2 0.836429646813316
"420" 950 1.5 -2 0.836429646813316
"421" 950 1.5 -2 0.836429646813316
"422" 950 1.5 -2 0.836429646813316
"423" 950 1.5 -2 0.836429646813316
"424" 950 1.5 -2 0.836429646813316
"425" 950 1.5 -2 0.836429646813316
"426" 950 1.5 -2 0.836429646813316
"427" 950 1.5 -2 0.836429646813316
"428" 950 1.5 -2 0.836429646813316
"429" 950 1.5 -2 0.836429646813316
"430" 950 1.5 -2 0.836429646813316
"431" 950 1.5 -2 0.836429646813316
"432" 950 1.5 -2 0.836429646813316
"433" 950 1.5 -2 0.836429646813316
"434" 950 1.5 -2 0.836429646813316
"435" 950 1.5 -2 0.836429646813316
"436" 950 1.5 -2 0.836429646813316
"437" 950 1.5 -2 0.836429646813316
"438" 950 1.5 -2 0.836429646813316
"439" 950 1.5 -2 0.836429646813316
"440" 950 1.5 -2 0.836429646813316
"441" 950 1.5 -2 0.836429646813316
"442" 950 1.5 -2 0.836429646813316
"443" 950 1.5 -2 0.836429646813316
"444" 950 1.5 -2 0.836429646813316
"445" 950 1.5 -2 0.836429646813316
"446" 950 1.5 -2 0.836429646813316
"447" 950 1.5 -2 0.836429646813316
"448" 950 1.5 -2 0.836429646813316
"449" 950 1.5 -2 0.836429646813316
"450" 950 1.5 -2 0.836429646813316
"451" 950 1.5 -2 0.836429646813316
"452" 950 1.5 -2 0.836429646813316
"453" 950 1.5 -2 0.836429646813316
"454" 950 1.5 -2 0.836429646813316
"455" 950 1.5 -2 0.836429646813316
"456" 950 1.5 -2 0.836429646813316
"457" 950 1.5 -2 0.836429646813316
"458" 950 1.5 -2 0.836429646813316
"459" 950 1.5 -2 0.836429646813316
"460" 950 1.5 -2 0.836429646813316
"461" 950 1.5 -2 0.836429646813316
"462" 950 1.5 -2 0.836429646813316
"463" 950 1.5 -2 0.836429646813316
"464" 950 1.5 -2 0.836429646813316
"465" 950 1.5 -2 0.836429646813316
"466" 950 1.5 -2 0.836429646813316
"467" 950 1.5 -2 0.836429646813316
"468" 950 1.5 -2 0.836429646813316
"469" 950 1.5 -2 0.836429646813316
"470" 950 1.5 -2 0.836429646813316
"471" 950 1.5 -2 0.836429646813316
"472" 950 1.5 -2 0.836429646813316
"473" 950 1.5 -2 0.836429646813316
"474" 950 1.5 -2 0.836429646813316
"475" 950 1.5 -2 0.836429646813316
"476" 950 1.5 -2 0.836429646813316
"477" 950 1.5 -2 0.836429646813316
"478" 950 1.5 -2 0.836429646813316
"479" 950 1.5 -2 0.836429646813316
"480" 950 1.5 -2 0.836429646813316
"481" 950 1.5 -2 0.836429646813316
"482" 950 1.5 -2 0.836429646813316
"483" 950 1.5 -2 0.836429646813316
"484" 950 1.5 -2 0.836429646813316
"485" 950 1.5 -2 0.836429646813316
"486" 950 1.5 -2 0.836429646813316
"487" 950 1.5 -2 0.836429646813316
"488" 950 1.5 -2 0.836429646813316
"489" 950 1.5 -2 0.836429646813316
"490" 950 1.5 -2 0.836429646813316
"491" 950 1.5 -2 0.836429646813316
"492" 950 1.5 -2 0.836429646813316
"493" 950 1.5 -2 0.836429646813316
"494" 950 1.5 -2 0.836429646813316
"495" 950 1.5 -2 0.836429646813316
"496" 950 1.5 -2 0.836429646813316
"497" 950 1.5 -2 0.836429646813316
"498" 950 1.5 -2 0.836429646813316
"499" 950 1.5 -2 0.836429646813316
"500" 950 1.5 -2 0.836429646813316
"501" 950 1.5 -2 0.836429646813316
"502" 950 1.5 -2 0.836429646813316
"503" 950 1.5 -2 0.836429646813316
"504" 950 1.5 -2 0.836429646813316
"505" 950 1.5 -2 0.836429646813316
"506" 950 1.5 -2 0.836429646813316
"507" 950 1.5 -2 0.836429646813316
"508" 950 1.5 -2 0.836429646813316
"509" 950 1.5 -2 0.836429646813316
"510" 950 1.5 -2 0.836429646813316
"511" 950 1.5 -2 0.836429646813316
"512" 950 1.5 -2 0.836429646813316
"513" 950 1.5 -2 0.836429646813316
"514" 950 1.5 -2 0.836429646813316
"515" 950 1.5 -2 0.836429646813316
"516" 950 1.5 -2 0.836429646813316
"517" 950 1.5 -2 0.836429646813316
"518" 950 1.5 -2 0.836429646813316
"519" 950 1.5 -2 0.836429646813316
"520" 950 1.5 -2 0.836429646813316
"521" 950 1.5 -2 0.836429646813316
"522" 950 1.5 -2 0.836429646813316
"523" 950 1.5 -2 0.836429646813316
"524" 950 1.5 -2 0.836429646813316
"525" 950 1.5 -2 0.836429646813316
"526" 950 1.5 -2 0.836429646813316
"527" 950 1.5 -2 0.836429646813316
"528" 950 1.5 -2 0.836429646813316
"529" 950 1.5 -2 0.836429646813316
"530" 950 1.5 -2 0.836429646813316
"531" 950 1.5 -2 0.836429646813316
"532" 950 1.5 -2 0.836429646813316
"533" 950 1.5 -2 0.836429646813316
"534" 950 1.5 -2 0.836429646813316
"535" 950 1.5 -2 0.836429646813316
"536" 950 1.5 -2 0.836429646813316
"537" 950 1.5 -2 0.836429646813316
"538" 950 1.5 -2 0.836429646813316
"539" 950 1.5 -2 0.836429646813316
"540" 950 1.5 -2 0.836429646813316
"541" 950 1.5 -2 0.836429646813316
"542" 950 1.5 -2 0.836429646813316
"543" 950 1.5 -2 0.836429646813316
"544" 950 1.5 -2 0.836429646813316
"545" 950 1.5 -2 0.836429646813316
"546" 950 1.5 -2 0.836429646813316
"547" 950 1.5 -2 0.836429646813316
"548" 950 1.5 -2 0.836429646813316
"549" 950 1.5 -2 0.836429646813316
"550" 950 1.5 -2 0.836429646813316
"551" 950 1.5 -2 0.836429646813316
"552" 950 1.5 -2 0.836429646813316
"553" 950 1.5 -2 0.836429646813316
"554" 950 1.5 -2 0.836429646813316
"555" 950 1.5 -2 0.836429646813316
"556" 950 1.5 -2 0.836429646813316
"557" 950 1.5 -2 0.836429646813316
"558" 950 1.5 -2 0.836429646813316
"559" 950 1.5 -2 0.836429646813316
"560" 950 1.5 -2 0.836429646813316
"561" 950 1.5 -2 0.836429646813316
"562" 950 1.5 -2 0.836429646813316
"563" 950 1.5 -2 0.836429646813316
"564" 950 1.5 -2 0.836429646813316
"565" 950 1.5 -2 0.836429646813316
"566" 950 1.5 -2 0.836429646813316
"567" 950 1.5 -2 0.836429646813316
"568" 950 1.5 -2 0.836429646813316
"569" 950 1.5 -2 0.836429646813316
"570" 950 1.5 -2 0.836429646813316
"571" 950 1.5 -2 0.836429646813316
"572" 950 1.5 -2 0.836429646813316
"573" 950 1.5 -2 0.836429646813316
"574" 950 1.5 -2 0.836429646813316
"575" 950 1.5 -2 0.836429646813316
"576" 950 1.5 -2 0.836429646813316
"577" 950 1.5 -2 0.836429646813316
"578" 950 1.5 -2 0.836429646813316
"579" 950 1.5 -2 0.836429646813316
"580" 950 1.5 -2 0.836429646813316
"581" 950 1.5 -2 0.836429646813316
"582" 950 1.5 -2 0.836429646813316
"583" 950 1.5 -2 0.836429646813316
"584" 950 1.5 -2 0.836429646813316
"585" 950 1.5 -2 0.836429646813316
"586" 950 1.5 -2 0.836429646813316
"587" 950 1.5 -2 0.836429646813316
"588" 950 1.5 -2 0.836429646813316
"589" 950 1.5 -2 0.836429646813316
"590" 950 1.5 -2 0.836429646813316
"591" 950 1.5 -2 0.836429646813316
"592" 950 1.5 -2 0.836429646813316
"593" 950 1.5 -2 0.836429646813316
"594" 950 1.5 -2 0.836429646813316
"595" 950 1.5 -2 0.836429646813316
"596" 950 1.5 -2 0.836429646813316
"597" 950 1.5 -2 0.836429646813316
"598" 950 1.5 -2 0.836429646813316
"599" 950 1.5 -2 0.836429646813316
"600" 950 1.5 -2 0.836429646813316
"601" 950 1.5 -2 0.836429646813316
"602" 950 1.5 -2 0.836429646813316
"603" 950 1.5 -2 0.836429646813316
"604" 950 1.5 -2 0.836429646813316
"605" 950 1.5 -2 0.836429646813316
"606" 950 1.5 -2 0.836429646813316
"607" 950 1.5 -2 0.836429646813316
"608" 950 1.5 -2 0.836429646813316
"609" 950 1.5 -2 0.836429646813316
"610" 950 1.5 -2 0.836429646813316
"611" 950 1.5 -2 0.836429646813316
"612" 950 1.5 -2 0.836429646813316
"613" 950 1.5 -2 0.836429646813316
"614" 950 1.5 -2 0.836429646813316
"615" 950 1.5 -2 0.836429646813316
"616" 950 1.5 -2 0.836429646813316
"617" 950 1.5 -2 0.836429646813316
"618" 950 1.5 -2 0.836429646813316
"619" 950 1.5 -2 0.836429646813316
"620" 950 1.5 -2 0.836429646813316
"621" 950 1.5 -2 0.836429646813316
"622" 950 1.5 -2 0.836429646813316
"623" 950 1.5 -2 0.836429646813316
"624" 950 1.5 -2 0.836429646813316
"625" 950 1.5 -2 0.836429646813316
"626" 950 1.5 -2 0.836429646813316
"627" 950 1.5 -2 0.836429646813316
"628" 950 1.5 -2 0.836429646813316
"629" 950 1.5 -2 0.836429646813316
"630" 950 1.5 -2 0.836429646813316
"631" 950 1.5 -2 0.836429646813316
"632" 950 1.5 -2 0.836429646813316
"633" 950 1.5 -2 0.836429646813316
"634" 950 1.5 -2 0.836429646813316
"635" 950 1.5 -2 0.836429646813316
"636" 950 1.5 -2 0.836429646813316
"637" 950 1.5 -2 0.836429646813316
"638" 950 1.5 -2 0.836429646813316
"639" 950 1.5 -2 0.836429646813316
"640" 950 1.5 -2 0.836429646813316
"641" 950 1.5 -2 0.836429646813316
"642" 950 1.5 -2 0.836429646813316
"643" 950 1.5 -2 0.836429646813316
"644" 950 1.5 -2 0.836429646813316
"645" 950 1.5 -2 0.836429646813316
"646" 950 1.5 -2 0.836429646813316
"647" 950 1.5 -2 0.836429646813316
"648" 950 1.5 -2 0.836429646813316
"649" 950 1.5 -2 0.836429646813316
"650" 950 1.5 -2 0.836429646813316
"651" 950 1.5 -2 0.836429646813316
"652" 950 1.5 -2 0.836429646813316
"653" 950 1.5 -2 0.836429646813316
"654" 950 1.5 -2 0.836429646813316
"655" 950 1.5 -2 0.836429646813316
"656" 950 1.5 -2 0.836429646813316
"657" 950 1.5 -2 0.836429646813316
"658" 950 1.5 -2 0.836429646813316
"659" 950 1.5 -2 0.836429646813316
"660" 950 1.5 -2 0.836429646813316
"661" 950 1.5 -2 0.836429646813316
"662" 950 1.5 -2 0.836429646813316
"663" 950 1.5 -2 0.836429646813316
"664" 950 1.5 -2 0.836429646813316
"665" 950 1.5 -2 0.836429646813316
"666" 950 1.5 -2 0.836429646813316
"667" 950 1.5 -2 0.836429646813316
"668" 950 1.5 -2 0.836429646813316
"669" 950 1.5 -2 0.836429646813316
"670" 950 1.5 -2 0.836429646813316
"671" 950 1.5 -2 0.836429646813316
"672" 950 1.5 -2 0.836429646813316
"673" 950 1.5 -2 0.836429646813316
"674" 950 1.5 -2 0.836429646813316
"675" 950 1.5 -2 0.836429646813316
"676" 950 1.5 -2 0.836429646813316
"677" 950 1.5 -2 0.836429646813316
"678" 950 1.5 -2 0.836429646813316
"679" 950 1.5 -2 0.836429646813316
"680" 950 1.5 -2 0.836429646813316
"681" 950 1.5 -2 0.836429646813316
"682" 950 1.5 -2 0.836429646813316
"683" 950 1.5 -2 0.836429646813316
"684" 950 1.5 -2 0.836429646813316
"685" 950 1.5 -2 0.836429646813316
"686" 950 1.5 -2 0.836429646813316
"687" 950 1.5 -2 0.836429646813316
"688" 950 1.5 -2 0.836429646813316
"689" 950 1.5 -2 0.836429646813316
"690" 950 1.5 -2 0.836429646813316
"691" 950 1.5 -2 0.836429646813316
"692" 950 1.5 -2 0.836429646813316
"693" 950 1.5 -2 0.836429646813316
"694" 950 1.5 -2 0.836429646813316
"695" 950 1.5 -2 0.836429646813316
"696" 950 1.5 -2 0.836429646813316
"697" 950 1.5 -2 0.836429646813316
"698" 950 1.5 -2 0.836429646813316
"699" 950 1.5 -2 0.836429646813316
"700" 950 1.5 -2 0.836429646813316
"701" 950 1.5 -2 0.836429646813316
"702" 950 1.5 -2 0.836429646813316
"703" 950 1.5 -2 0.836429646813316
"704" 950 1.5 -2 0.836429646813316
"705" 950 1.5 -2 0.836429646813316
"706" 950 1.5 -2 0.836429646813316
"707" 950 1.5 -2 0.836429646813316
"708" 950 1.5 -2 0.836429646813316
"709" 950 1.5 -2 0.836429646813316
"710" 950 1.5 -2 0.836429646813316
"711" 950 1.5 -2 0.836429646813316
"712" 950 1.5 -2 0.836429646813316
"713" 950 1.5 -2 0.836429646813316
"714" 950 1.5 -2 0.836429646813316
"715" 950 1.5 -2 0.836429646813316
"716" 950 1.5 -2 0.836429646813316
"717" 950 1.5 -2 0.836429646813316
"718" 950 1.5 -2 0.836429646813316
"719" 950 1.5 -2 0.836429646813316
"720" 950 1.5 -2 0.836429646813316
"721" 950 1.5 -2 0.836429646813316
"722" 950 1.5 -2 0.836429646813316
"723" 950 1.5 -2 0.836429646813316
"724" 950 1.5 -2 0.836429646813316
"725" 950 1.5 -2 0.836429646813316
"726" 950 1.5 -2 0.836429646813316
"727" 950 1.5 -2 0.836429646813316
"728" 950 1.5 -2 0.836429646813316
"729" 950 1.5 -2 0.836429646813316
"730" 950 1.5 -2 0.836429646813316
"731" 950 1.5 -2 0.836429646813316
"732" 950 1.5 -2 0.836429646813316
"733" 950 1.5 -2 0.836429646813316
"734" 950 1.5 -2 0.836429646813316
"735" 950 1.5 -2 0.836429646813316
"736" 950 1.5 -2 0.836429646813316
"737" 950 1.5 -2 0.836429646813316
"738" 950 1.5 -2 0.836429646813316
"739" 950 1.5 -2 0.836429646813316
"740" 950 1.5 -2 0.836429646813316
"741" 950 1.5 -2 0.836429646813316
"742" 950 1.5 -2 0.836429646813316
"743" 950 1.5 -2 0.836429646813316
"744" 950 1.5 -2 0.836429646813316
"745" 950 1.5 -2 0.836429646813316
"746" 950 1.5 -2 0.836429646813316
"747" 950 1.5 -2 0.836429646813316
"748" 950 1.5 -2 0.836429646813316
"749" 950 1.5 -2 0.836429646813316
"750" 950 1.5 -2 0.836429646813316
"751" 950 1.5 -2 0.836429646813316
"752" 950 1.5 -2 0.836429646813316
"753" 950 1.5 -2 0.836429646813316
"754" 950 1.5 -2 0.836429646813316
"755" 950 1.5 -2 0.836429646813316
"756" 950 1.5 -2 0.836429646813316
"757" 950 1.5 -2 0.836429646813316
"758" 950 1.5 -2 0.836429646813316
"759" 950 1.5 -2 0.836429646813316
"760" 950 1.5 -2 0.836429646813316
"761" 950 1.5 -2 0.836429646813316
"762" 950 1.5 -2 0.836429646813316
"763" 950 1.5 -2 0.836429646813316
"764" 950 1.5 -2 0.836429646813316
"765" 950 1.5 -2 0.836429646813316
"766" 950 1.5 -2 0.836429646813316
"767" 950 1.5 -2 0.836429646813316
"768" 950 1.5 -2 0.836429646813316
"769" 950 1.5 -2 0.836429646813316
"770" 950 1.5 -2 0.836429646813316
"771" 950 1.5 -2 0.836429646813316
"772" 950 1.5 -2 0.836429646813316
"773" 950 1.5 -2 0.836429646813316
"774" 950 1.5 -2 0.836429646813316
"775" 950 1.5 -2 0.836429646813316
"776" 950 1.5 -2 0.836429646813316
"777" 950 1.5 -2 0.836429646813316
"778" 950 1.5 -2 0.836429646813316
"779" 950 1.5 -2 0.836429646813316
"780" 950 1.5 -2 0.836429646813316
"781" 950 1.5 -2 0.836429646813316
"782" 950 1.5 -2 0.836429646813316
"783" 950 1.5 -2 0.836429646813316
"784" 950 1.5 -2 0.836429646813316
"785" 950 1.5 -2 0.836429646813316
"786" 950 1.5 -2 0.836429646813316
"787" 950 1.5 -2 0.836429646813316
"788" 950 1.5 -2 0.836429646813316
"789" 950 1.5 -2 0.836429646813316
"790" 950 1.5 -2 0.836429646813316
"791" 950 1.5 -2 0.836429646813316
"792" 950 1.5 -2 0.836429646813316
"793" 950 1.5 -2 0.836429646813316
"794" 950 1.5 -2 0.836429646813316
"795" 950 1.5 -2 0.836429646813316
"796" 950 1.5 -2 0.836429646813316
"797" 950 1.5 -2 0.836429646813316
"798" 950 1.5 -2 0.836429646813316
"799" 950 1.5 -2 0.836429646813316
"800" 950 1.5 -2 0.836429646813316
"801" 950 1.5 -2 0.836429646813316
"802" 950 1.5 -2 0.836429646813316
"803" 950 1.5 -2 0.836429646813316
"804" 950 1.5 -2 0.836429646813316
"805" 950 1.5 -2 0.836429646813316
"806" 950 1.5 -2 0.836429646813316
"807" 950 1.5 -2 0.836429646813316
"808" 950 1.5 -2 0.836429646813316
"809" 950 1.5 -2 0.836429646813316
"810" 950 1.5 -2 0.836429646813316
"811" 950 1.5 -2 0.836429646813316
"812" 950 1.5 -2 0.836429646813316
"813" 950 1.5 -2 0.836429646813316
"814" 950 1.5 -2 0.836429646813316
"815" 950 1.5 -2 0.836429646813316
"816" 950 1.5 -2 0.836429646813316
"817" 950 1.5 -2 0.836429646813316
"818" 950 1.5 -2 0.836429646813316
"819" 950 1.5 -2 0.836429646813316
"820" 950 1.5 -2 0.836429646813316
"821" 950 1.5 -2 0.836429646813316
"822" 950 1.5 -2 0.836429646813316
"823" 950 1.5 -2 0.836429646813316
"824" 950 1.5 -2 0.836429646813316
"825" 950 1.5 -2 0.836429646813316
"826" 950 1.5 -2 0.836429646813316
"827" 950 1.5 -2 0.836429646813316
"828" 950 1.5 -2 0.836429646813316
"829" 950 1.5 -2 0.836429646813316
"830" 950 1.5 -2 0.836429646813316
"831" 950 1.5 -2 0.836429646813316
"832" 950 1.5 -2 0.836429646813316
"833" 950 1.5 -2 0.836429646813316
"834" 950 1.5 -2 0.836429646813316
"835" 950 1.5 -2 0.836429646813316
"836" 950 1.5 -2 0.836429646813316
"837" 950 1.5 -2 0.836429646813316
"838" 950 1.5 -2 0.836429646813316
"839" 950 1.5 -2 0.836429646813316
"840" 950 1.5 -2 0.836429646813316
"841" 950 1.5 -2 0.836429646813316
"842" 950 1.5 -2 0.836429646813316
"843" 950 1.5 -2 0.836429646813316
"844" 950 1.5 -2 0.836429646813316
"845" 950 1.5 -2 0.836429646813316
"846" 950 1.5 -2 0.836429646813316
"847" 950 1.5 -2 0.836429646813316
"848" 950 1.5 -2 0.836429646813316
"849" 950 1.5 -2 0.836429646813316
"850" 950 1.5 -2 0.836429646813316
"851" 950 1.5 -2 0.836429646813316
"852" 950 1.5 -2 0.836429646813316
"853" 950 1.5 -2 0.836429646813316
"854" 950 1.5 -2 0.836429646813316
"855" 950 1.5 -2 0.836429646813316
"856" 950 1.5 -2 0.836429646813316
"857" 950 1.5 -2 0.836429646813316
"858" 950 1.5 -2 0.836429646813316
"859" 950 1.5 -2 0.836429646813316
"860" 950 1.5 -2 0.836429646813316
"861" 950 1.5 -2 0.836429646813316
"862" 950 1.5 -2 0.836429646813316
"863" 950 1.5 -2 0.836429646813316
"864" 950 1.5 -2 0.836429646813316
"865" 950 1.5 -2 0.836429646813316
"866" 950 1.5 -2 0.836429646813316
"867" 950 1.5 -2 0.836429646813316
"868" 950 1.5 -2 0.836429646813316
"869" 950 1.5 -2 0.836429646813316
"870" 950 1.5 -2 0.836429646813316
"871" 950 1.5 -2 0.836429646813316
"872" 950 1.5 -2 0.836429646813316
"873" 950 1.5 -2 0.836429646813316
"874" 950 1.5 -2 0.836429646813316
"875" 950 1.5 -2 0.836429646813316
"876" 950 1.5 -2 0.836429646813316
"877" 950 1.5 -2 0.836429646813316
"878" 950 1.5 -2 0.836429646813316
"879" 950 1.5 -2 0.836429646813316
"880" 950 1.5 -2 0.836429646813316
"881" 950 1.5 -2 0.836429646813316
"882" 950 1.5 -2 0.836429646813316
"883" 950 1.5 -2 0.836429646813316
"884" 950 1.5 -2 0.836429646813316
"885" 950 1.5 -2 0.836429646813316
"886" 950 1.5 -2 0.836429646813316
"887" 950 1.5 -2 0.836429646813316
"888" 950 1.5 -2 0.836429646813316
"889" 950 1.5 -2 0.836429646813316
"890" 950 1.5 -2 0.836429646813316
"891" 950 1.5 -2 0.836429646813316
"892" 950 1.5 -2 0.836429646813316
"893" 950 1.5 -2 0.836429646813316
"894" 950 1.5 -2 0.836429646813316
"895" 950 1.5 -2 0.836429646813316
"896" 950 1.5 -2 0.836429646813316
"897" 950 1.5 -2 0.836429646813316
"898" 950 1.5 -2 0.836429646813316
"899" 950 1.5 -2 0.836429646813316
"900" 950 1.5 -2 0.836429646813316
"901" 950 1.5 -2 0.836429646813316
"902" 950 1.5 -2 0.836429646813316
"903" 950 1.5 -2 0.836429646813316
"904" 950 1.5 -2 0.836429646813316
"905" 950 1.5 -2 0.836429646813316
"906" 950 1.5 -2 0.836429646813316
"907" 950 1.5 -2 0.836429646813316
"908" 950 1.5 -2 0.836429646813316
"909" 950 1.5 -2 0.836429646813316
"910" 950 1.5 -2 0.836429646813316
"911" 950 1.5 -2 0.836429646813316
"912" 950 1.5 -2 0.836429646813316
"913" 950 1.5 -2 0.836429646813316
"914" 950 1.5 -2 0.836429646813316
"915" 950 1.5 -2 0.836429646813316
"916" 950 1.5 -2 0.836429646813316
"917" 950 1.5 -2 0.836429646813316
"918" 950 1.5 -2 0.836429646813316
"919" 950 1.5 -2 0.836429646813316
"920" 950 1.5 -2 0.836429646813316
"921" 950 1.5 -2 0.836429646813316
"922" 950 1.5 -2 0.836429646813316
"923" 950 1.5 -2 0.836429646813316
"924" 950 1.5 -2 0.836429646813316
"925" 950 1.5 -2 0.836429646813316
"926" 950 1.5 -2 0.836429646813316
"927" 950 1.5 -2 0.836429646813316
"928" 950 1.5 -2 0.836429646813316
"929" 950 1.5 -2 0.836429646813316
"930" 950 1.5 -2 0.836429646813316
"931" 950 1.5 -2 0.836429646813316
"932" 950 1.5 -2 0.836429646813316
"933" 950 1.5 -2 0.836429646813316
"934" 950 1.5 -2 0.836429646813316
"935" 950 1.5 -2 0.836429646813316
"936" 950 1.5 -2 0.836429646813316
"937" 950 1.5 -2 0.836429646813316
"938" 950 1.5 -2 0.836429646813316
"939" 950 1.5 -2 0.836429646813316
"940" 950 1.5 -2 0.836429646813316
"941" 950 1.5 -2 0.836429646813316
"942" 950 1.5 -2 0.836429646813316
"943" 950 1.5 -2 0.836429646813316
"944" 950 1.5 -2 0.836429646813316
"945" 950 1.5 -2 0.836429646813316
"946" 950 1.5 -2 0.836429646813316
"947" 950 1.5 -2 0.836429646813316
"948" 950 1.5 -2 0.836429646813316
"949" 950 1.5 -2 0.836429646813316
"950" 950 1.5 -2 0.836429646813316
"951" 950 1.5 -2 0.836429646813316
"952" 950 1.5 -2 0.836429646813316
"953" 950 1.5 -2 0.836429646813316
"954" 950 1.5 -2 0.836429646813316
"955" 950 1.5 -2 0.836429646813316
"956" 950 1.5 -2 0.836429646813316
"957" 950 1.5 -2 0.836429646813316
"958" 950 1.5 -2 0.836429646813316
"959" 950 1.5 -2 0.836429646813316
"960" 950 1.5 -2 0.836429646813316
"961" 950 1.5 -2 0.836429646813316
"962" 950 1.5 -2 0.836429646813316
"963" 950 1.5 -2 0.836429646813316
"964" 950 1.5 -2 0.836429646813316
"965" 950 1.5 -2 0.836429646813316
"966" 950 1.5 -2 0.836429646813316
"967" 950 1.5 -2 0.836429646813316
"968" 950 1.5 -2 0.836429646813316
"969" 950 1.5 -2 0.836429646813316
"970" 950 1.5 -2 0.836429646813316
"971" 950 1.5 -2 0.836429646813316
"972" 950 1.5 -2 0.836429646813316
"973" 950 1.5 -2 0.836429646813316
"974" 950 1.5 -2 0.836429646813316
"975" 950 1.5 -2 0.836429646813316
"976" 950 1.5 -2 0.836429646813316
"977" 950 1.5 -2 0.836429646813316
"978" 950 1.5 -2 0.836429646813316
"979" 950 1.5 -2 0.836429646813316
"980" 950 1.5 -2 0.836429646813316
"981" 950 1.5 -2 0.836429646813316
"982" 950 1.5 -2 0.836429646813316
"983" 950 1.5 -2 0.836429646813316
"984" 950 1.5 -2 0.836429646813316
"985" 950 1.5 -2 0.836429646813316
"986" 950 1.5 -2 0.836429646813316
"987" 950 1.5 -2 0.836429646813316
"988" 950 1.5 -2 0.836429646813316
"989" 950 1.5 -2 0.836429646813316
"990" 950 1.5 -2 0.836429646813316
"991" 950 1.5 -2 0.836429646813316
"992" 950 1.5 -2 0.836429646813316
"993" 950 1.5 -2 0.836429646813316
"994" 950 1.5 -2 0.836429646813316
"995" 950 1.5 -2 0.836429646813316
"996" 950 1.5 -2 0.836429646813316
"997" 950 1.5 -2 0.836429646813316
"998" 950 1.5 -2 0.836429646813316
"999" 950 1.5 -2 0.836429646813316
"1000" 950 1.5 -2 0.836429646813316
